date,total_confirmed,total_tested,total_deceased,new_confirmed,new_tested,new_deceased,key
2020-01-08,0,1,0,0,0,0,GB
2020-01-09,0,1,0,0,0,0,GB
2020-01-10,0,1,0,0,0,0,GB
2020-01-11,0,1,0,0,0,0,GB
2020-01-12,0,1,0,0,0,0,GB
2020-01-13,0,1,0,0,0,0,GB
2020-01-14,0,1,0,0,0,0,GB
2020-01-15,0,1,0,0,0,0,GB
2020-01-16,0,2,0,0,0,0,GB
2020-01-17,0,3,0,0,2,0,GB
2020-01-18,0,3,0,0,0,0,GB
2020-01-19,0,3,0,0,0,0,GB
2020-01-20,0,4,0,0,1,0,GB
2020-01-21,0,4,0,0,0,0,GB
2020-01-22,1,5,0,1,1,0,GB
2020-01-23,1,5,0,0,0,0,GB
2020-01-24,1,7,0,0,0,0,GB
2020-01-25,1,41,0,0,3,0,GB
2020-01-26,1,63,0,0,22,0,GB
2020-01-27,2,88,0,1,24,0,GB
2020-01-28,2,114,0,0,28,0,GB
2020-01-29,2,147,0,0,33,0,GB
2020-01-30,4,184,0,0,37,0,GB
2020-01-31,7,200,0,3,16,0,GB
2020-02-01,4,227,0,0,27,0,GB
2020-02-02,4,290,0,0,63,0,GB
2020-02-03,10,357,0,3,65,0,GB
2020-02-04,2,447,0,0,92,0,GB
2020-02-05,11,504,0,1,57,0,GB
2020-02-06,3,613,0,1,107,0,GB
2020-02-07,3,688,0,0,75,0,GB
2020-02-08,16,781,0,4,93,0,GB
2020-02-09,18,913,0,2,132,0,GB
2020-02-10,8,1251,0,4,338,0,GB
2020-02-11,23,1523,0,1,272,0,GB
2020-02-12,24,1948,0,1,425,0,GB
2020-02-13,26,2757,0,2,809,0,GB
2020-02-14,27,3262,0,1,505,0,GB
2020-02-15,9,3324,0,0,62,0,GB
2020-02-16,27,3448,0,0,152,0,GB
2020-02-17,28,4895,0,1,1419,0,GB
2020-02-18,9,5328,0,0,433,0,GB
2020-02-19,29,5659,0,1,331,0,GB
2020-02-20,31,6028,0,2,369,0,GB
2020-02-21,32,6411,0,1,383,0,GB
2020-02-22,9,6658,0,0,292,0,GB
2020-02-23,37,6897,0,5,194,0,GB
2020-02-24,43,7126,0,6,229,0,GB
2020-02-25,47,7427,0,4,301,0,GB
2020-02-26,50,7846,0,3,419,0,GB
2020-02-27,57,8574,0,7,728,0,GB
2020-02-28,75,9962,0,18,1388,0,GB
2020-02-29,83,11644,0,8,1682,0,GB
2020-03-01,126,13009,0,43,1365,0,GB
2020-03-02,171,14963,0,45,1954,0,GB
2020-03-03,234,15525,0,63,562,0,GB
2020-03-04,320,18463,0,86,2938,0,GB
2020-03-05,399,20155,0,79,1692,0,GB
2020-03-06,523,22710,2,124,2555,2,GB
2020-03-07,623,24010,4,100,1300,2,GB
2020-03-08,741,26371,4,118,2361,0,GB
2020-03-09,925,28033,6,184,1662,2,GB
2020-03-10,1220,29676,14,295,1643,8,GB
2020-03-11,1696,31236,14,476,1560,0,GB
2020-03-12,2303,34388,18,607,3152,4,GB
2020-03-13,2967,38154,21,664,3766,3,GB
2020-03-14,3613,43772,57,646,5618,36,GB
2020-03-15,4406,47100,86,793,3328,29,GB
2020-03-16,5167,51926,133,761,4826,47,GB
2020-03-17,6323,59399,165,1156,7473,32,GB
2020-03-18,7989,66407,234,1666,7008,69,GB
2020-03-19,9676,76067,326,1687,9660,92,GB
2020-03-20,11616,79873,394,1940,3806,70,GB
2020-03-21,13833,87094,515,2217,7221,119,GB
2020-03-22,15844,93592,583,2011,6498,68,GB
2020-03-23,19085,100797,737,3241,7205,154,GB
2020-03-24,22800,108913,1042,3715,8116,305,GB
2020-03-25,26898,117277,1427,4098,8364,385,GB
2020-03-26,32064,127044,1795,5166,9767,368,GB
2020-03-27,38035,137788,2372,5971,10744,577,GB
2020-03-28,43385,146435,2975,5350,8647,603,GB
2020-03-29,48611,154935,3407,5226,8500,432,GB
2020-03-30,55354,164187,4160,6743,9252,753,GB
2020-03-31,62949,174901,4952,7595,10714,792,GB
2020-04-01,72102,187171,6288,9153,12270,1336,GB
2020-04-02,81088,199785,7610,8986,12614,1322,GB
2020-04-03,90421,213023,9064,9333,13238,1454,GB
2020-04-04,98197,224731,10599,7776,11708,1535,GB
2020-04-05,107774,240186,11864,9577,15455,1265,GB
2020-04-06,116653,255626,12992,8879,15440,1128,GB
2020-04-07,125548,262309,15154,8895,6683,2162,GB
2020-04-08,136095,284474,17228,10547,22165,2074,GB
2020-04-09,145331,297955,19474,9236,13481,2246,GB
2020-04-10,154758,313523,21748,9427,15568,2274,GB
2020-04-11,167101,328684,23423,12343,15161,1675,GB
2020-04-12,175724,343528,24792,8623,14844,1369,GB
2020-04-13,183914,353681,26289,8190,10153,1497,GB
2020-04-14,193290,367826,28427,9376,14145,2138,GB
2020-04-15,202389,381808,30139,9099,13982,1712,GB
2020-04-16,211300,398563,32201,8911,16755,2062,GB
2020-04-17,221124,415384,34060,9824,16821,1859,GB
2020-04-18,229964,433588,36284,8840,18204,2224,GB
2020-04-19,238488,451735,37212,8524,18147,928,GB
2020-04-20,246896,467274,38359,8408,15539,1147,GB
2020-04-21,254801,481543,40768,7905,14269,2409,GB
2020-04-22,262735,498169,42463,7934,16626,1695,GB
2020-04-23,270733,515742,43885,7998,17573,1422,GB
2020-04-24,279473,537033,45822,8740,21291,1937,GB
2020-04-25,286740,613335,47497,7267,76302,1675,GB
2020-04-26,293043,641225,48308,6303,27890,811,GB
2020-04-27,300008,670277,48995,6965,29052,687,GB
2020-04-28,306710,702797,50868,6702,32520,1873,GB
2020-04-29,313704,739721,52418,6994,36924,1550,GB
2020-04-30,322461,797817,53736,8757,58096,1318,GB
2020-05-01,331157,877018,55211,8696,79201,1475,GB
2020-05-02,337704,944533,56421,6547,67515,1210,GB
2020-05-03,343293,1003383,57019,5589,58850,598,GB
2020-05-04,349254,1069630,57601,5961,66247,582,GB
2020-05-05,355663,1143330,59019,6409,73700,1418,GB
2020-05-06,363694,1204635,60350,8031,61305,1331,GB
2020-05-07,371198,1276332,61396,7504,71697,1046,GB
2020-05-08,377240,1347722,62627,6042,71390,1231,GB
2020-05-09,382340,1414654,63305,5100,66932,678,GB
2020-05-10,387317,1482285,63821,4977,67631,516,GB
2020-05-11,392815,1551161,64245,5498,68876,424,GB
2020-05-12,397648,1615270,65546,4833,64109,1301,GB
2020-05-13,402304,1681614,66537,4656,66344,991,GB
2020-05-14,406987,1758027,67376,4683,76413,839,GB
2020-05-15,411822,1832681,68161,4835,74654,785,GB
2020-05-16,416275,1916975,69100,4453,84294,939,GB
2020-05-17,420671,1997493,69410,4396,80518,310,GB
2020-05-18,424585,2069676,69733,3914,72183,323,GB
2020-05-19,179514,187261,70849,1335,4636,1116,GB
2020-05-20,428906,2189316,71599,2986,115004,750,GB
2020-05-21,432519,2262723,72261,3613,73407,662,GB
2020-05-22,436750,2348561,72961,4231,85838,700,GB
2020-05-23,440374,209189,73519,3624,5254,558,GB
2020-05-24,443303,212927,74405,2929,3738,886,GB
2020-05-25,445604,217079,74646,2301,4152,241,GB
2020-05-26,450315,221806,74928,4711,4727,282,GB
2020-05-27,453037,227103,75808,2722,5297,880,GB
2020-05-28,455533,232626,76642,2496,5523,834,GB
2020-05-29,458202,238339,77391,2669,5713,749,GB
2020-05-30,460263,242917,77853,2061,4578,462,GB
2020-05-31,462570,246353,78066,2307,3436,213,GB
2020-06-01,464680,251350,78284,2110,4997,218,GB
2020-06-02,466942,257120,78946,2262,5770,662,GB
2020-06-03,469353,263143,79665,2411,6023,719,GB
2020-06-04,471577,270301,79477,2224,7158,348,GB
2020-06-05,473642,276962,80734,2065,6661,721,GB
2020-06-06,475473,281316,81138,1831,4354,404,GB
2020-06-07,477049,285083,81288,1576,3767,150,GB
2020-06-08,478644,290337,81402,1595,5254,114,GB
2020-06-09,480773,295239,81982,2129,4902,580,GB
2020-06-10,482222,300530,82485,1449,5291,503,GB
2020-06-11,483834,305391,82783,1612,4861,298,GB
2020-06-12,485735,310840,83183,1901,5449,400,GB
2020-06-13,487500,315260,83551,1765,4420,368,GB
2020-06-14,489288,318637,83621,1788,3377,70,GB
2020-06-15,492865,395104,83698,3577,76467,77,GB
2020-06-16,494531,400767,84176,1666,5663,478,GB
2020-06-17,496001,406727,84539,1470,5960,363,GB
2020-06-18,497524,412978,84801,1523,6251,262,GB
2020-06-19,499258,418463,85152,1734,5485,351,GB
2020-06-20,500757,425717,85409,1499,7254,257,GB
2020-06-21,502184,430880,85496,1427,5163,87,GB
2020-06-22,503385,435660,85528,1201,4780,32,GB
2020-06-23,504625,439941,85871,1240,4281,343,GB
2020-06-24,505393,443998,86173,768,4057,302,GB
2020-06-25,488345,206443,83981,1143,521,288,GB
2020-06-26,309360,0,82850,1380,0,366,GB
